Scatterer_ocean
{
	Ocean
	{
		name = Avalon
		shoreFoam = 1.20000005
		AMP = 1
		m_ansio = 2
		m_windSpeed = 5
		m_omega = 0.839999974
		m_oceanUpwellingColor = 0.0065,0.011,0.016
		m_UnderwaterColor = 0.325,0.505,0.8
		m_resolution = 4
		MAX_VERTS = 65000
		oceanScale = 1
		oceanAlpha = 0.64
		alphaRadius = 2000
		transparencyDepth = 120
		darknessDepth = 2500
		refractionIndex = 1.33000004
		causticsTexturePath = Scatterer/config/Planets/Caustics2.png
		causticsLayer1Scale = 0.200000003,0.200000003
		causticsLayer1Speed = 0.0612000003,-0.151199996
		causticsLayer2Scale = 0.277099997,0.267100006
		causticsLayer2Speed = -0.0748699978,0.174869999
		causticsMultiply = 1
		causticsUnderwaterLightBoost = 2
		causticsMinBrightness = 0.5
		causticsBlurDepth = 200
	}
}
